SRA_ID	Total_Syn	Het_syn	Homo_syn
CRR1628720	110965	31921	39522
CRR1628721	116419	30771	42824
CRR1628722	115245	30969	42138
CRR1628723	112143	36315	37914
CRR1628724	113378	36142	38618
CRR1628725	115088	32240	41424
CRR1628726	116137	35319	40409
CRR1628727	114562	35828	39367
CRR1628728	116984	34788	41098
CRR1915072	121365	77509	21928
CRR1915073	121213	54403	33405
CRR1915074	128448	39992	44228
CRR1915075	129346	53430	37958
CRR1915076	126572	40752	42910
CRR1915077	132798	70754	31022
CRR1915078	135961	54129	40916
CRR1915079	130463	80133	25165
CRR1915080	129484	67600	30942
CRR1915081	131879	36953	47463
CRR1915082	124789	47265	38762
CRR1915083	123823	67361	28231
CRR1915084	125134	51876	36629
CRR1915085	127063	64219	31422
CRR1915086	123065	57753	32656
CRR1915087	127721	51023	38349
CRR1915088	126727	78355	24186
CRR1915089	132268	40398	45935
CRR1915090	126182	69354	28414
CRR1915091	129375	75731	26822
CRR1915092	128244	61078	33583
CRR1915093	125575	77847	23864
CRR1915094	128103	60881	33611
CRR1915095	130911	69985	30463
CRR1915096	130769	72361	29204
CRR1915097	129536	68036	30750
CRR1915098	123102	55186	33958
CRR1915099	128266	81586	23340
CRR1915100	123942	63978	29982
CRR1915101	128990	77574	25708
CRR1915102	127679	60559	33560
CRR1915103	126695	78679	24008
CRR1915104	120975	43407	38784
CRR1915105	126751	67103	29824
CRR1915106	122477	81609	20434
CRR1915107	130769	57217	36776
CRR1915108	129194	88864	20165
CRR1915109	121571	81015	20278
CRR1915110	127830	72800	27515
CRR1915111	125964	77378	24293
CRR1915112	124192	69674	27259
CRR1915113	126782	69746	28518
CRR1915114	131812	58088	36862
CRR1915115	124476	74826	24825
CRR1915116	126783	57061	34861
CRR1915117	128525	80629	23948
CRR1915118	125403	87369	19017
CRR1915119	126306	79348	23479
CRR1915120	128476	60942	33767
CRR1915121	125843	77601	24121
CRR1915122	119201	83971	17615
CRR1915123	123883	84885	19499
CRR1915124	127513	92481	17516
CRR1915125	127451	88687	19382
CRR1915126	120386	77932	21227
CRR1915127	127570	82692	22439
CRR1915128	132381	64867	33757
CRR1915129	129279	76815	26232
CRR1915130	133277	61861	35708
CRR1915131	133478	34292	49593
CRR1915132	133187	36889	48149
CRR1915133	134488	55366	39561
CRR1915134	136632	23196	56718
CRR1915135	133048	53746	39651
CRR1915136	125973	72713	26630
CRR1915137	129350	79996	24677
CRR1915138	125100	40492	42304
CRR1915139	122047	35909	43069
CRR1915140	129238	78506	25366
CRR1915141	126050	60570	32740
CRR1915142	127845	59483	34181
CRR1915143	131990	58494	36748
CRR1915144	126942	73970	26486
CRR1915145	129516	66762	31377
CRR1915146	128148	85570	21289
CRR1915147	136392	28486	53953
CRR1915148	127404	46524	40440
CRR1915149	128672	61192	33740
CRR1915150	127155	47483	39836
CRR1915151	128394	43918	42238
CRR1915152	126160	74750	25705
CRR1915153	129508	92124	18692
CRR1915154	122979	52951	35014
CRR1915155	122911	56613	33149
CRR1915156	123932	65836	29048
CRR1915157	126499	72389	27055
CRR1915158	116553	64185	26184
CRR1915159	126252	72154	27049
CRR1915160	127660	27226	50217
CRR1915161	124521	66149	29186
CRR1915162	124061	58981	32540
CRR1915163	127010	80208	23401
CRR1915164	123689	61339	31175
CRR1915165	127893	60733	33580
CRR1915166	127027	82965	22031
CRR1915167	128938	49682	39628
CRR1915168	123314	60774	31270
CRR1915169	136325	34647	50839
CRR1915170	130268	46770	41749
CRR1915171	114170	33908	40131
CRR1915172	127214	67906	29654
CRR1915173	137474	20042	58716
CRR1915174	121776	63630	29073
CRR1915175	129205	60751	34227
CRR1915176	132632	38690	46971
CRR1915177	134253	53999	40127
CRR1915178	135098	43398	45850
CRR1915179	122121	78585	21768
CRR1915180	128879	80239	24320
CRR1915181	132801	60341	36230
CRR1915182	129180	58704	35238
CRR1915183	124390	48114	38138
CRR1915184	121306	48544	36381
CRR1915185	126006	25422	50292
CRR1915186	127493	56433	35530
CRR1915187	129948	45990	41979
CRR1915188	129455	61627	33914
CRR1915189	123592	66972	28310
CRR1915190	124457	39843	42307
CRR1915191	126489	67329	29580
CRR1915192	129041	79801	24620
CRR1915193	132922	58240	37341
CRR1915194	120581	56929	31826
CRR1915195	126083	34905	45589
CRR1915196	137053	28627	54213
CRR1915197	122642	68872	26885
CRR1915198	126890	44828	41031
CRR1915199	125015	61339	31838
CRR1915200	129936	55132	37402
CRR1915201	130132	32524	48804
CRR1915202	124686	71030	26828
CRR1915203	125293	64649	30322
CRR1915204	126795	65115	30840
CRR1915205	123764	49110	37327
CRR1915206	129929	28189	50870
CRR1915207	117855	61311	28272
CRR1915208	127588	83748	21920
CRR1915209	125048	60822	32113
CRR1915210	126150	81838	22156
CRR1915211	127030	75350	25840
CRR1915212	131996	57668	37164
CRR1915213	128050	29852	49099
CRR1915214	120427	37907	41260
CRR1915215	125863	60787	32538
CRR1915216	130027	87945	21041
CRR1915217	132206	37070	47568
CRR1915218	129315	64137	32589
CRR1915219	126184	60006	33089
CRR1915220	124031	53263	35384
CRR1915221	125770	77658	24056
CRR1915222	127625	72267	27679
CRR1915223	133018	41514	45752
CRR1915224	126380	36710	44835
CRR1915225	129536	64286	32625
CRR1915226	127065	50385	38340
CRR1915227	126838	82598	22120
CRR1915228	124457	77123	23667
CRR1915229	126667	82859	21904
CRR1915230	128536	90586	18975
CRR1915231	132112	84772	23670
CRR1915232	126361	42641	41860
CRR1915233	124207	52133	36037
CRR1915234	121449	61219	30115
CRR1915235	128537	59461	34538
CRR1915236	125778	86906	19436
CRR1915237	124131	68795	27668
CRR1915238	132362	36876	47743
CRR1915239	129015	38603	45206
CRR1915240	127672	76684	25494
CRR1915241	132852	28468	52192
CRR1915242	128966	70596	29185
CRR1915243	123070	60364	31353
CRR1915244	123686	73890	24898
CRR1915245	129552	50158	39697
CRR1915246	132875	49113	41881
CRR1915247	126873	70227	28323
CRR1915248	131354	66034	32660
CRR1915249	132267	40109	46079
CRR1915250	125111	65203	29954
CRR1915251	124789	79435	22677
CRR1915252	121787	63031	29378
CRR1915253	131621	48741	41440
CRR1915254	127623	69007	29308
CRR1915255	138050	22846	57602
CRR1915256	134347	53757	40295
CRR1915257	124375	47127	38624
CRR1915258	129696	60946	34375
CRR1915259	129191	50931	39130
CRR1915260	131144	49078	41033
CRR1915261	128963	6573	61195
CRR1915262	128361	10499	58931
CRR1915263	130488	5758	62365
CRR1915264	127010	63220	31895
CRR1915265	131386	49928	40729
CRR1915266	131921	46385	42768
CRR1915267	134995	30531	52232
CRR1915268	127933	73411	27261
CRR1915269	128242	68522	29860
CRR1915270	125039	62411	31314
CRR1915271	130124	37350	46387
CRR1915272	129138	43632	42753
CRR1915273	135087	11437	61825
CRR1915274	125387	55441	34973
CRR1915275	125499	62473	31513
CRR1915276	123209	57425	32892
CRR1915277	129329	7015	61157
CRR1915278	132681	9141	61770
CRR1915279	130042	81672	24185
CRR1915280	128415	23273	52571
CRR1915281	126049	58813	33618
CRR1915282	131259	23061	54099
CRR1915283	127721	45233	41244
CRR1915284	115614	60604	27505
CRR1915285	131270	58420	36425
CRR1915286	130501	41957	44272
CRR1915287	127606	25810	50898
CRR1915288	123292	12506	55393
CRR1915289	132702	14166	59268
CRR1915290	131949	16513	57718
CRR1915291	127079	34113	46483
CRR1915292	127753	72643	27555
CRR1915293	135821	20345	57738
CRR1915294	120255	59269	30493
CRR1915295	126861	50917	37972
CRR1915296	130615	68835	30890
CRR1915297	129741	6023	61859
CRR1915298	123038	19096	51971
CRR1915299	128981	30973	49004
CRR1915300	129358	44226	42566
CRR1915301	129572	43502	43035
CRR1915302	130988	7802	61593
CRR1915303	130467	18799	55834
CRR1915304	125283	73217	26033
CRR1915305	129449	66847	31301
CRR1915306	130435	64517	32959
CRR1915307	130645	77607	26519
CRR1915308	128159	68753	29703
CRR1915309	123052	80470	21291
CRR1915310	131316	71490	29913
CRR1915311	128837	24993	51922
CRR1915312	130690	50980	39855
CRR1915313	131018	6110	62454
CRR1915314	137145	21839	57653
CRR1915315	127299	15525	55887
CRR789265	123906	47034	38436
CRR789266	124560	56340	34110
CRR789267	124183	54097	35043
CRR789268	122531	80497	21017
CRR789269	122166	74874	23646
CRR789270	119453	77219	21117
CRR789271	122609	62631	29989
CRR789272	123092	57514	32789
CRR789273	123626	75518	24054
CRR789274	126074	42302	41886
CRR789275	112473	68659	21907
CRR789276	116950	70152	23399
CRR789277	115299	59783	27758
CRR789278	114694	71182	21756
CRR789279	115468	64590	25439
CRR789280	128059	31693	48183
CRR789281	113586	65250	24168
CRR789282	114656	41884	36386
CRR789283	115177	62619	26279
CRR789284	119130	73202	22964
CRR789285	116938	68278	24330
CRR789286	113426	65806	23810
CRR789287	114501	71021	21740
CRR789288	116452	46974	34739
CRR789289	115788	69696	23046
CRR789290	115418	61520	26949
CRR789291	120776	55888	32444
CRR789292	112360	65830	23265
CRR789293	118866	47298	35784
CRR789294	116156	64336	25910
CRR789295	120364	53320	33522
CRR789296	116308	46140	35084
CRR789297	116404	63866	26269
CRR789298	116219	67027	24596
CRR789299	113696	62264	25716
CRR789300	123872	40374	41749
CRR789301	115018	61768	26625
CRR789302	129112	47916	40598
CRR789303	118832	63200	27816
CRR789304	119570	53394	33088
CRR789305	121398	60692	30353
CRR789306	110794	55330	27732
CRR789307	113994	55998	28998
CRR789308	116470	45618	35426
CRR789309	120178	50728	34725
CRR789310	119041	55165	31938
CRR789311	118724	58216	30254
CRR789312	116709	53523	31593
CRR789313	114323	67797	23263
CRR789314	118492	45852	36320
CRR789315	115784	55852	29966
CRR789316	113029	55193	28918
CRR789317	121439	53521	33959
CRR789318	121056	67102	26977
CRR789319	110573	65367	22603
CRR789320	130053	39733	45160
CRR789321	117597	63691	26953
CRR789322	115483	61751	26866
CRR789323	118667	50193	34237
CRR789324	120167	44765	37701
CRR789325	112424	70930	20747
CRR789326	113557	56617	28470
CRR789327	121988	60930	30529
CRR789328	123803	49417	37193
CRR789329	116938	56138	30400
CRR789330	126934	57474	34730
CRR789331	116892	65754	25569
CRR789332	113206	54346	29430
CRR789333	117649	59929	28860
CRR789334	122071	53841	34115
CRR789335	119896	62606	28645
CRR789336	123514	16858	53328
CRR789337	134437	52155	41141
CRR789338	130849	57183	36833
CRR789339	130165	45125	42520
CRR789340	129909	60189	34860
CRR789341	129773	58099	35837
CRR789342	130596	62976	33810
CRR789343	132603	56937	37833
CRR789344	136140	54672	40734
CRR789345	129246	56260	36493
CRR789346	132015	58921	36547
CRR789347	131010	62908	34051
CRR789348	130820	56650	37085
CRR789349	126288	49668	38310
CRR789350	131347	55861	37743
CRR789351	128225	65697	31264
CRR789352	130416	66564	31926
CRR789353	132284	65656	33314
CRR789354	130663	65215	32724
CRR789355	119112	60000	29556
CRR789356	128273	49327	39473
CRR789357	128249	49197	39526
CRR789358	122907	62815	30046
CRR789359	122135	63091	29522
CRR789360	125924	89462	18231
CRR789361	135445	91133	22156
CRR789362	126437	49575	38431
CRR789363	133103	63179	34962
CRR789364	132142	54630	38756
CRR789365	119926	48208	35859
CRR789366	127587	51535	38026
CRR789367	123977	79251	22363
CRR789368	122544	62090	30227
CRR789369	125899	87739	19080
CRR789370	123762	85892	18935
CRR789371	126046	81514	22266
CRR789372	126074	82162	21956
CRR789373	126642	65634	30504
CRR789374	132932	42348	45292
CRR789375	130897	65969	32464
CRR789376	124448	61398	31525
CRR789377	130019	62585	33717
CRR789378	124875	53739	35568
CRR789379	126974	52742	37116
CRR789380	132743	59043	36850
CRR789381	127916	71200	28358
CRR789382	126795	67387	29704
CRR789383	126889	54885	36002
CRR789384	129487	41847	43820
CRR789385	123948	57012	33468
CRR789386	122771	44725	39023
CRR789387	122652	65210	28721
CRR789388	127852	60720	33566
CRR789389	131850	66104	32873
CRR789390	131835	68309	31763
CRR789391	127738	70064	28837
CRR789392	131780	85520	23130
CRR789393	130680	62642	34019
CRR789394	132280	49654	41313
CRR789395	128982	62184	33399
CRR789396	122507	55449	33529
CRR789397	134466	73970	30248
CRR789398	129473	92003	18735
CRR789399	129571	89941	19815
CRR789400	130436	55974	37231
CRR789401	131367	66519	32424
CRR789402	130901	59155	35873
CRR789403	123914	59808	32053
CRR789404	124764	59698	32533
CRR789405	132368	59638	36365
CRR789406	131781	50765	40508
CRR789407	132594	64036	34279
CRR789408	133312	59484	36914
CRR789409	122005	90809	15598
CRR789410	124528	69586	27471
CRR789411	122155	62409	29873
CRR789412	122445	91149	15648
CRR789413	125618	62796	31411
CRR789414	123605	51133	36236
CRR789415	123577	98479	12549
CRR789416	131235	66615	32310
CRR789417	123071	51539	35766
CRR789418	121998	57694	32152
CRR789419	127237	53365	36936
CRR789420	131033	80503	25265
CRR789421	128631	62503	33064
CRR789422	130077	62349	33864
CRR789423	129446	83438	23004
CRR789424	113260	49058	32101
CRR789425	121048	53260	33894
CRR789426	127412	13584	56914
CRR789427	123355	36413	43471
CRR789428	132310	52526	39892
CRR789429	131616	51784	39916
CRR789430	127915	47631	40142
CRR789431	128479	49049	39715
CRR789432	120410	14244	53083
CRR789433	121640	71582	25029
CRR789434	114461	37613	38424
CRR789435	104473	39127	32673
CRR789436	108346	25956	41195
CRR789437	125150	13448	55851
CRR789438	121430	28784	46323
CRR789439	121852	17188	52332
CRR789440	99504	10112	44696
CRR789441	128382	49832	39275
CRR789442	130783	52983	38900
CRR789443	113415	13805	49805
CRR789444	123180	65592	28794
CRR789445	132268	69574	31347
CRR789446	128136	70518	28809
CRR789447	126032	67536	29248
CRR789448	119081	70247	24417
CRR789449	119830	65622	27104
CRR789450	124624	57590	33517
CRR789451	123089	64593	29248
CRR789452	129412	62996	33208
CRR789453	132448	69712	31368
CRR789454	129211	70139	29536
CRR789455	127732	72694	27519
CRR789456	125226	68022	28602
CRR789457	122359	72381	24989
CRR789458	122793	72617	25088
CRR789459	133060	74462	29299
CRR789460	128185	72637	27774
CRR789461	128289	70239	29025
CRR789462	128665	73725	27470
CRR789463	133318	67506	32906
CRR789464	135068	71136	31966
CRR789465	131227	66157	32535
CRR789466	132952	70522	31215
CRR789467	128344	71700	28322
CRR789468	125595	68809	28393
CRR789469	128203	68949	29627
CRR789470	125187	65085	30051
CRR789471	121581	64761	28410
CRR789472	115853	63745	26054
CRR789473	112801	63151	24825
CRR789474	133493	48961	42266
CRR789475	129788	50670	39559
CRR789476	113616	61270	26173
CRR789477	115060	50262	32399
CRR789478	130188	34330	47929
CRR789479	110775	66733	22021
CRR789480	127959	51857	38051
CRR789481	119098	36414	41342
CRR789482	115569	59419	28075
CRR789483	115031	64167	25432
CRR789484	123110	43510	39800
CRR789485	127917	35699	46109
CRR789486	117635	41215	38210
CRR789487	106076	50888	27594
CRR789488	122338	53048	34645
CRR789489	118952	58892	30030
CRR789490	113045	47453	32796
CRR789491	107451	59303	24074
CRR789492	111236	66802	22217
CRR789493	119441	51603	33919
CRR789494	121514	46104	37705
CRR789495	105916	56642	24637
CRR789496	111069	60917	25076
CRR789497	107172	55076	26048
CRR789498	103901	57939	22981
CRR789499	109544	49932	29806
CRR789500	112219	54929	28645
CRR789501	113925	60805	26560
CRR789502	117320	45726	35797
CRR789503	109318	70394	19462
CRR789504	116383	55603	30390
CRR789505	106284	55678	25303
CRR789506	115928	57850	29039
CRR789507	117673	37905	39884
CRR789508	112451	55663	28394
CRR789509	116968	53952	31508
CRR789510	126108	45570	40269
CRR789511	113310	61672	25819
CRR789512	117203	48597	34303
CRR789513	124110	31686	46212
CRR789514	122225	37377	42424
CRR789515	127756	10346	58705
CRR789516	123398	20656	51371
CRR789517	121338	38064	41637
CRR789518	127724	23048	52338
CRR789519	119040	36324	41358
CRR789520	130085	8479	60803
CRR789521	109191	58315	25438
CRR789522	110974	67270	21852
CRR789523	113798	64740	24529
CRR789524	109793	59681	25056
CRR789525	106078	58946	23566
CRR789526	109594	58152	25721
CRR789527	114393	52521	30936
CRR789528	102926	60754	21086
CRR789529	110586	62250	24168
CRR789530	106534	59634	23450
CRR789531	111597	59927	25835
CRR789532	102971	65419	18776
CRR789533	113981	57637	28172
CRR789534	104748	62136	21306
CRR789535	98160	58748	19706
CRR789536	111374	66468	22453
CRR789537	118315	53423	32446
CRR789538	116351	60601	27875
CRR789539	113054	62048	25503
CRR789540	109059	40421	34319
CRR789541	113080	59978	26551
CRR789542	123879	22515	50682
CRR789543	119811	66599	26606
CRR789544	111596	62474	24561
CRR789545	108339	64069	22135
CRR789546	114789	61231	26779
CRR789547	105683	60103	22790
CRR789548	117041	56173	30434
CRR789549	104032	54508	24762
CRR789550	110714	39842	35436
CRR789551	113705	27245	43230
CRR789552	115096	37586	38755
CRR789553	120853	28735	46059
CRR789554	116060	66604	24728
CRR789555	115647	62779	26434
CRR789556	122383	42251	40066
CRR789557	124724	44682	40021
CRR789558	117234	56644	30295
CRR789559	117652	54670	31491
CRR789560	115972	51916	32028
CRR789561	117572	51578	32997
CRR789562	110291	51035	29628
CRR789563	113875	40159	36858
CRR789564	111432	58304	26564
CRR789565	119651	53387	33132
CRR789566	108434	60298	24068
CRR789567	106814	53944	26435
CRR789568	119533	40505	39514
CRR789569	127237	29425	48906
CRR789570	108659	50525	29067
SRR10059367	83298	65562	8868
SRR10192976	112405	71797	20304
SRR10192977	70988	53446	8771
SRR10192978	81099	53309	13895
SRR10192979	95063	75509	9777
SRR10192980	116130	79048	18541
SRR10192981	105414	69004	18205
SRR10192982	113036	65700	23668
SRR10192983	128045	56467	35789
SRR10192984	123050	59664	31693
SRR10192985	113078	69928	21575
SRR10192986	145442	2856	71293
SRR10192987	122435	61777	30329
SRR10192988	134066	35442	49312
SRR10192989	98756	70566	14095
SRR10192990	95353	76923	9215
SRR10192991	98753	69959	14397
SRR10192992	119564	63804	27880
SRR10192993	126114	54576	35769
SRR10192994	112746	86062	13342
SRR10192995	120133	68267	25933
SRR10192996	141591	27043	57274
SRR10224869	82794	56296	13249
SRR10224870	87204	67114	10045
SRR10224871	90718	66326	12196
SRR10224872	79719	65235	7242
SRR10224873	168825	2321	83252
SRR10224874	174451	2583	85934
SRR10224875	168159	9945	79107
SRR10224876	172418	6564	82927
SRR10224877	172774	6058	83358
SRR10224878	83832	61984	10924
SRR10224879	172481	7209	82636
SRR10224880	122163	56637	32763
SRR10224881	106694	69608	18543
SRR10224882	114190	46636	33777
SRR10224883	122982	60626	31178
SRR10224884	119306	48626	35340
SRR10224885	114646	69242	22702
SRR10224886	124742	59134	32804
SRR10224887	104729	74707	15011
SRR10224888	120803	59967	30418
SRR10224889	108976	65308	21834
SRR10224890	138465	54673	41896
SRR10224891	114995	65219	24888
SRR10224892	95673	73533	11070
SRR10224893	103443	66225	18609
SRR10224894	106212	69460	18376
SRR10224895	106646	59660	23493
SRR10224896	77097	61405	7846
SRR10224897	77926	61654	8136
SRR10224898	83872	68678	7597
SRR10224899	103200	52492	25354
SRR10224900	87619	60439	13590
SRR10224901	98806	65664	16571
SRR10224902	97028	59476	18776
SRR10224903	94766	58518	18124
SRR10224904	94840	62376	16232
SRR10224905	88250	57992	15129
SRR10224906	97430	66396	15517
SRR10224907	87924	61726	13099
SRR10224908	90333	64205	13064
SRR10224909	86921	68279	9321
SRR10224910	86501	66487	10007
SRR10224911	90280	66376	11952
SRR10224912	91406	70888	10259
SRR10224913	85852	69490	8181
SRR10224914	88211	68225	9993
SRR10224915	71179	56183	7498
SRR10224916	77917	62561	7678
SRR10224917	74126	59220	7453
SRR10224918	94635	69367	12634
SRR10224919	87992	67588	10202
SRR10224920	73227	53355	9936
SRR10224921	81143	61479	9832
SRR10224922	100778	62650	19064
SRR10224923	98611	29919	34346
SRR12806809	120477	19533	50472
SRR12806810	101004	52616	24194
SRR12806811	118041	22469	47786
SRR12806812	98625	50695	23965
SRR12806813	127582	41282	43150
SRR12806814	103410	59726	21842
SRR12806815	106113	43331	31391
SRR12806816	118895	39709	39593
SRR12806817	122737	2469	60134
SRR12806818	113199	37877	37661
SRR12806819	103554	50472	26541
SRR12806820	89229	54203	17513
SRR12806821	115432	27196	44118
SRR12806822	95847	59063	18392
SRR12806823	104762	51152	26805
SRR12806824	91183	63839	13672
SRR12806825	104912	48728	28092
SRR12806826	84202	54008	15097
SRR12806827	84579	55627	14476
SRR12806828	90174	58966	15604
SRR12806829	93613	57159	18227
SRR12806830	91355	60909	15223
SRR12806831	98985	57507	20739
SRR12806832	101112	39124	30994
SRR12806833	63511	43981	9765
SRR12806834	105455	47519	28968
SRR12806835	87550	68600	9475
SRR12806836	96958	54074	21442
SRR12806837	117074	29772	43651
SRR12806838	107670	41104	33283
SRR12806839	95344	54790	20277
SRR12806840	98487	44067	27210
SRR12806841	112379	43125	34627
SRR12806842	109281	41789	33746
SRR12806843	117408	3272	57068
SRR12806844	90062	56216	16923
SRR12806845	109596	48800	30398
SRR12806846	89336	47204	21066
SRR12806847	94783	51787	21498
SRR12806848	97823	43779	27022
SRR12806849	81159	54493	13333
SRR12806850	97981	44757	26612
SRR12806851	126607	12459	57074
SRR12806852	121288	15284	53002
SRR12806853	100492	16014	42239
SRR12806854	83069	63293	9888
SRR12806855	106524	12880	46822
SRR12806856	101139	44395	28372
SRR12806857	108501	56367	26067
SRR12806858	95976	58278	18849
SRR12806859	102996	42146	30425
SRR12806860	77742	52750	12496
SRR12806861	89929	52795	18567
SRR12806862	81344	56010	12667
SRR12806863	90344	54928	17708
SRR12806864	97511	47539	24986
SRR12806865	89221	55275	16973
SRR12806866	99284	53534	22875
SRR12806867	102443	54593	23925
SRR12806868	87376	61370	13003
SRR12806869	75684	56970	9357
SRR12806870	89679	60813	14433
SRR12806871	96371	28639	33866
SRR12806872	104313	32043	36135
SRR12806873	91717	60339	15689
SRR12806874	97684	60514	18585
SRR12806875	95197	58297	18450
SRR12806876	94585	54769	19908
SRR12806877	94569	58849	17860
SRR12806878	100670	56576	22047
SRR12806879	108632	54202	27215
SRR12806880	108569	45579	31495
SRR12806881	130452	3422	63515
SRR12806882	108731	46669	31031
SRR12806883	88694	59668	14513
SRR12806884	106050	48554	28748
SRR12806885	103474	54812	24331
SRR12806886	109240	50994	29123
SRR12806887	76459	54875	10792
SRR12806888	79419	53251	13084
SRR12806889	105713	46785	29464
SRR12806890	83289	58935	12177
SRR12806891	72254	50636	10809
SRR12806892	81014	61084	9965
SRR12806893	94041	64379	14831
SRR12806894	99090	16656	41217
SRR12806895	76153	48047	14053
SRR13203972	115512	47036	34238
SRR13203973	112523	45935	33294
SRR13203974	101253	45945	27654
SRR13203975	114632	47136	33748
SRR13203976	121347	46545	37401
SRR13203977	118941	53439	32751
SRR13203978	101316	58180	21568
SRR13203979	97228	55790	20719
SRR13203980	94157	59175	17491
SRR13203981	108231	39091	34570
SRR13203982	102581	44837	28872
SRR13203983	68166	41654	13256
SRR13203984	121172	35718	42727
SRR13203985	124372	17382	53495
SRR13203986	125190	30972	47109
SRR13203987	92204	57650	17277
SRR13203988	79741	57991	10875
SRR13203989	72713	49397	11658
SRR13203990	102325	51955	25185
SRR13203991	84952	59616	12668
SRR13203992	92025	56281	17872
SRR13203993	106584	23262	41661
SRR13203994	83333	55551	13891
SRR13203995	83543	59715	11914
SRR13203996	73566	49966	11800
SRR13203997	86987	54661	16163
SRR13203998	90675	53387	18644
SRR13203999	117023	2401	57311
SRR13204000	80143	50211	14966
SRR13204001	90433	52727	18853
SRR13204002	101445	53927	23759
SRR13204003	81910	51970	14970
SRR13204004	112038	44172	33933
SRR13204005	86361	61399	12481
SRR13204006	84132	51956	16088
SRR13204007	92049	55035	18507
SRR13204008	74957	49729	12614
SRR13204009	101294	50776	25259
SRR13204010	97990	46322	25834
SRR13204011	103286	31276	36005
SRR13204012	87561	49747	18907
SRR13204013	82660	48072	17294
SRR13204014	81706	53660	14023
SRR13607661	127150	68584	29283
SRR13607662	122636	68760	26938
SRR13607663	129810	67868	30971
SRR13607664	130092	70108	29992
SRR13607665	126579	68349	29115
SRR13607666	122257	68581	26838
SRR13607667	120625	70237	25194
SRR13607668	125129	68355	28387
SRR13607669	125525	71033	27246
SRR13607670	124963	67935	28514
SRR13607671	124348	85418	19465
SRR13607672	129072	71196	28938
SRR13607673	120186	64654	27766
SRR13607674	129719	72531	28594
SRR13607675	123621	70045	26788
SRR13607676	125287	84815	20236
SRR13607677	129662	64188	32737
SRR13607678	123376	70550	26413
SRR13607679	126383	67409	29487
SRR13607680	126760	87860	19450
SRR13607681	129248	71176	29036
SRR13607682	123381	69165	27108
SRR13607683	129499	63443	33028
SRR13607684	129009	73855	27577
SRR13607685	126103	69161	28471
SRR13607686	127573	55937	35818
SRR13607687	126478	71016	27731
SRR13607688	131178	72474	29352
SRR13607689	124393	67015	28689
SRR13607690	125388	68226	28581
SRR13607691	128885	65125	31880
SRR13607692	131219	85971	22624
SRR13607693	122131	71633	25249
SRR13607694	128673	67827	30423
SRR13607695	119457	69729	24864
SRR13607696	131622	67710	31956
SRR13607697	124600	68266	28167
SRR13607698	123290	70814	26238
SRR13607699	129217	72935	28141
SRR13607700	126332	68674	28829
SRR13607701	123966	64758	29604
SRR13607702	132176	72586	29795
SRR13607703	130140	69068	30536
SRR13607704	129624	71000	29312
SRR13607705	125085	68341	28372
SRR13607706	127604	67464	30070
SRR13607707	123852	66720	28566
SRR13607708	123708	67208	28250
SRR13607709	124405	69661	27372
SRR13607710	127512	70446	28533
SRR13607711	123002	70746	26128
SRR13607712	127139	70039	28550
SRR13607713	127942	68372	29785
SRR13607714	126879	68393	29243
SRR13607715	130083	72731	28676
SRR13607716	128971	69647	29662
SRR13607717	123993	64627	29683
SRR13607718	121291	70369	25461
SRR13607719	123192	65890	28651
SRR13607720	125176	66926	29125
SRR13607721	124859	68277	28291
SRR13607722	128040	68374	29833
SRR13607723	121404	67346	27029
SRR13607724	129334	69432	29951
SRR13607725	126729	72917	26906
SRR13607726	126921	72013	27454
SRR13607727	128481	71353	28564
SRR13607728	127362	71872	27745
SRR13607729	126393	68605	28894
SRR13607730	127852	73504	27174
SRR13607731	128794	67860	30467
SRR13607732	129115	70941	29087
SRR13607733	125886	55762	35062
SRR13607734	127825	46359	40733
SRR13607735	126250	64606	30822
SRR13607736	123966	62572	30697
SRR13607737	129679	68793	30443
SRR13607738	128085	8643	59721
SRR13607739	125130	47476	38827
SRR13607740	129337	56799	36269
SRR13607741	131348	20396	55476
SRR13607742	125953	65893	30030
SRR13607743	118535	58553	29991
SRR13607744	133973	56453	38760
SRR13607745	127781	53589	37096
SRR13607746	128950	41768	43591
SRR13607747	130483	49511	40486
SRR13607748	126249	64387	30931
SRR13607749	121558	54302	33628
SRR13607750	129634	65168	32233
SRR13607751	126769	52577	37096
SRR13607752	132288	64850	33719
SRR13607753	133239	68221	32509
SRR13607754	124518	71740	26389
SRR13607755	131535	68415	31560
SRR13607756	131322	69734	30794
SRR13607757	123688	66172	28758
SRR13607758	131721	70455	30633
SRR13607759	128933	66987	30973
SRR13607760	134484	64490	34997
SRR13607761	130474	65608	32433
SRR13607762	127135	61831	32652
SRR13607763	130910	67006	31952
SRR13607764	133246	70620	31313
SRR13607765	124608	66734	28937
SRR13607766	130882	71984	29449
SRR13607767	133668	68866	32401
SRR13607768	132270	69352	31459
SRR13607769	130104	69398	30353
SRR13607770	128690	69798	29446
SRR13607771	128088	69526	29281
SRR13607772	127111	69175	28968
SRR13607773	129347	66057	31645
SRR13607774	129496	71194	29151
SRR13607775	131511	72011	29750
SRR13607776	132141	67921	32110
SRR13607777	125812	66072	29870
SRR13607778	133514	66980	33267
SRR13607779	132690	67776	32457
SRR13607780	131901	64197	33852
SRR13607781	124249	69473	27388
SRR13607782	129393	69871	29761
SRR13607783	125120	70290	27415
SRR13607784	121286	70210	25538
SRR13607785	125309	43765	40772
SRR13607786	129584	64880	32352
SRR13607787	124777	69555	27611
SRR13607788	128446	59338	34554
SRR13607789	132715	21991	55362
SRR13607790	123755	65531	29112
SRR13607791	138267	36789	50739
SRR13607792	129862	32308	48777
SRR13607793	124134	28272	47931
SRR13607794	129067	63855	32606
SRR13607795	128955	58279	35338
SRR13607796	129861	29801	50030
SRR13607797	127175	25555	50810
SRR13607798	124225	65969	29128
SRR13607799	128503	79511	24496
SRR13607800	122083	59453	31315
SRR13607801	132094	65114	33490
SRR13607802	123355	68877	27239
SRR13607803	127289	69003	29143
SRR13607804	126908	49358	38775
SRR13607805	130430	62896	33767
SRR13607806	129348	55184	37082
SRR13607807	127283	52241	37521
SRR13607808	131867	50747	40560
SRR13607809	126626	67186	29720
SRR13607810	132555	55537	38509
SRR13607811	129710	82470	23620
SRR13607812	122488	67082	27703
SRR13607813	125337	55499	34919
SRR13607814	128066	66888	30589
SRR13607815	128955	61097	33929
SRR13607816	127824	47272	40276
SRR13607817	127568	56066	35751
SRR13607818	136241	29037	53602
SRR13607819	127892	70050	28921
SRR13607820	125067	72789	26139
SRR13607821	123855	68763	27546
SRR13607822	129641	69811	29915
SRR13607823	124810	70798	27006
SRR13607824	121620	68778	26421
SRR13607825	127982	69876	29053
SRR13607826	132965	55837	38564
SRR13607827	126692	67680	29506
SRR13607828	126442	69678	28382
SRR13607829	127695	70783	28456
SRR13607830	127320	69312	29004
SRR13607831	127124	70686	28219
SRR13607832	122541	68037	27252
SRR13607833	130319	69241	30539
SRR13607834	128233	72409	27912
SRR13607835	128891	71849	28521
SRR13607836	124064	67818	28123
SRR13607837	125203	66229	29487
SRR13607838	140608	41634	49487
SRR13607839	130138	56612	36763
SRR13607840	124237	78519	22859
SRR13607841	125402	84562	20420
SRR13607842	128585	51103	38741
SRR13607843	123482	72766	25358
SRR13607844	124027	55243	34392
SRR13607845	120939	74579	23180
SRR13607846	128443	54783	36830
SRR13607847	126608	53456	36576
SRR13607848	134100	63126	35487
SRR13607849	131089	53201	38944
SRR13607850	131423	70553	30435
SRR13607851	133885	48521	42682
SRR13607852	124173	49895	37139
SRR13607853	126824	51372	37726
SRR13607854	131840	65278	33281
SRR13607855	126435	65639	30398
SRR13607856	125755	63787	30984
SRR13607857	127865	54721	36572
SRR13607858	129391	50239	39576
SRR13607859	139480	49830	44825
SRR13607860	130244	27902	51171
SRR13607861	131608	24938	53335
SRR13607862	121634	54290	33672
SRR13607863	129951	36071	46940
SRR13607864	128158	43878	42140
SRR13607865	121583	70251	25666
SRR13607866	126083	66955	29564
SRR13607867	129723	69039	30342
SRR18475240	140960	4304	68328
SRR18475241	144868	4576	70146
SRR18475242	120300	47268	36516
SRR18475243	133197	31339	50929
SRR18475244	111414	61390	25012
SRR18475245	144011	51475	46268
SRR18475246	113845	44641	34602
SRR18475247	143126	4472	69327
SRR18475248	110990	47872	31559
SRR18475249	137957	4001	66978
SRR18475250	132713	20075	56319
SRR18475251	144093	66197	38948
SRR18475252	122844	36878	42983
SRR18475253	142216	58686	41765
SRR18475254	124197	56155	34021
SRR18475255	148619	4911	71854
SRR18475256	122762	21448	50657
SRR18475257	130807	3265	63771
SRR18475258	124028	64786	29621
SRR18475259	117282	66834	25224
SRR18475260	137149	54623	41263
SRR18475261	114006	59550	27228
SRR18475262	120972	62882	29045
SRR18475263	119917	55081	32418
SRR18475264	123205	59165	32020
SRR18475265	120213	59289	30462
SRR18475266	121053	58081	31486
SRR18475267	119807	55531	32138
SRR18475268	122452	65308	28572
SRR18475269	124758	63354	30702
SRR18475270	125668	47366	39151
SRR18475271	117551	51443	33054
SRR18475272	140245	5597	67324
SRR18475273	120819	55725	32547
SRR18475274	123025	55103	33961
SRR18475275	115194	46880	34157
SRR18475276	117147	30707	43220
SRR18475277	133832	5698	64067
SRR18475278	117652	51122	33265
SRR18475279	108370	27110	40630
SRR18475280	103949	31365	36292
SRR18475281	107583	9945	48819
SRR18475282	116432	17048	49692
SRR18475283	144377	5171	69603
SRR18475284	113164	54316	29424
SRR18475285	110126	45974	32076
SRR18475286	120108	7342	56383
SRR18475287	115372	17730	48821
SRR18475288	125204	63804	30700
SRR18475289	129167	19721	54723
SRR18475290	138814	12460	63177
SRR18475291	133947	36521	48713
SRR18475292	141178	37630	51774
SRR18475293	138979	38893	50043
SRR18475294	123461	60847	31307
SRR18475295	132802	38136	47333
SRR18475296	145683	48189	48747
SRR18475297	143988	37314	53337
SRR18475298	141479	35977	52751
SRR18475299	138072	40606	48733
SRR18475300	132949	55359	38795
SRR18475301	133063	35041	49011
SRR18475302	145754	42040	51857
SRR18475303	128990	38692	45149
SRR18475304	144655	6481	69087
SRR18475305	142145	4267	68939
SRR18475306	120318	34474	42922
SRR18475307	144330	4640	69845
SRR18475308	138957	4273	67342
SRR18475309	119409	54005	32702
SRR18475310	118353	53057	32648
SRR18475311	113919	52663	30628
SRR18475312	119092	57270	30911
SRR18475313	132771	29211	51780
SRR18475314	120249	54357	32946
SRR18475315	135391	67333	34029
SRR18475316	116711	68347	24182
SRR18475317	130389	38727	45831
SRR18475318	137874	38534	49670
SRR18475319	120515	71011	24752
SRR18475320	115946	64682	25632
SRR18475321	140638	51402	44618
SRR18475322	138700	53862	42419
SRR18475323	109341	46155	31593
SRR18475324	137627	55181	41223
SRR18475325	133491	51835	40828
SRR18475326	139706	39144	50281
SRR18475327	142335	47855	47240
SRR18475328	130776	39550	45613
SRR18475329	134423	40125	47149
SRR18475330	133905	48933	42486
SRR18475331	139201	51313	43944
SRR18475332	137374	48242	44566
SRR18475333	136326	51652	42337
SRR18475334	119958	29670	45144
SRR18475335	149114	8868	70123
SRR18475336	137035	41843	47596
SRR18475337	133444	42678	45383
SRR18475338	133400	45452	43974
SRR18475339	145248	37830	53709
SRR18475340	135513	45477	45018
SRR18475341	144090	44928	49581
SRR18475342	131764	74240	28762
SRR18475343	137389	18851	59269
SRR18475344	120545	51649	34448
SRR18475345	127531	62757	32387
SRR18475346	117573	56011	30781
SRR18475347	117379	56451	30464
SRR18475348	125850	57334	34258
SRR18475349	134790	45866	44462
SRR18475350	137502	47986	44758
SRR18475351	136423	47571	44426
SRR18475352	147084	7798	69643
SRR18475353	127730	47796	39967
SRR18475354	133375	59043	37166
SRR18475355	142599	59111	41744
SRR18475356	138767	26571	56098
SRR18475357	142535	11553	65491
SRR18475358	138323	44495	46914
SRR18475359	144891	58429	43231
SRR18475360	141913	41495	50209
SRR18475361	140457	62451	39003
SRR18475362	147859	46821	50519
SRR18475363	142494	28856	56819
SRR18475364	141943	41473	50235
SRR18475365	144209	38323	52943
SRR18475366	138370	44772	46799
SRR18475367	138234	41324	48455
SRR18475368	124122	48010	38056
SRR18475369	140763	43431	48666
SRR18475370	143251	33685	54783
SRR18475371	144530	24888	59821
SRR18475372	145559	29573	57993
SRR18475373	135683	25665	55009
SRR18475374	146026	40362	52832
SRR18475375	143458	37256	53101
SRR18475376	143376	37906	52735
SRR18475377	143446	26966	58240
SRR18475378	146789	21967	62411
SRR18475379	106975	48691	29142
SRR18475380	140993	29183	55905
SRR18475381	137917	44589	46664
SRR18475382	138893	47021	45936
SRR18475383	137646	36124	50761
SRR18475384	139882	55400	42241
SRR18475385	144341	36553	53894
SRR18475386	145028	37910	53559
SRR18475387	141356	37516	51920
SRR18475388	138267	39531	49368
SRR18475389	144068	43156	50456
SRR18475390	110514	47186	31664
SRR18475391	138584	46160	46212
SRR18475392	149715	48527	50594
SRR18475393	140787	38893	50947
SRR18475394	145024	43888	50568
SRR18475395	142799	40933	50933
SRR18475396	142589	46055	48267
SRR18475397	149088	51042	49023
SRR18475398	135796	40430	47683
SRR18475399	143909	49997	46956
SRR18475400	139485	43943	47771
SRR18475401	144042	36136	53953
SRR18475402	119432	36046	41693
SRR18475403	145691	32159	56766
SRR18475404	145622	31582	57020
SRR18475405	146706	43308	51699
SRR18475406	142938	37400	52769
SRR18475407	145343	35929	54707
SRR18475408	137376	22042	57667
SRR18475409	142923	29981	56471
SRR18475410	139939	33049	53445
SRR18475411	146528	29434	58547
SRR18475412	143159	37879	52640
SRR18475413	131125	61355	34885
SRR18475414	142058	44172	48943
SRR18475415	144318	44262	50028
SRR18475416	138539	45435	46552
SRR18475417	137315	37527	49894
SRR18475418	141926	31378	55274
SRR18475419	140704	35484	52610
SRR18475420	131927	36019	47954
SRR18475421	140445	40667	49889
SRR18475422	144650	41390	51630
SRR18475423	144568	27102	58733
SRR18475424	128758	39434	44662
SRR18475425	144932	48002	48465
SRR18475426	139424	47382	46021
SRR18475427	143203	52583	45310
SRR18475428	137086	45868	45609
SRR18475429	141525	33031	54247
SRR18475430	140456	40890	49783
SRR18475431	139102	35454	51824
SRR18475432	135669	39527	48071
SRR18475433	141908	18954	61477
SRR18475434	141517	14377	63570
SRR18475435	114101	43585	35258
SRR18475436	138422	45506	46458
SRR18475437	134631	31029	51801
SRR18475438	135975	40641	47667
SRR18475439	140135	34761	52687
SRR18475440	131352	58114	36619
SRR18475441	123493	49479	37007
SRR18475442	126949	54839	36055
SRR18475443	144143	59155	42494
SRR18475444	141144	55190	42977
SRR18475445	138495	35567	51464
SRR18475446	121116	54116	33500
SRR18475447	144807	48041	48383
SRR18475448	144134	59788	42173
SRR18475449	145964	58022	43971
SRR18475450	143432	5036	69198
SRR18475451	146352	5218	70567
SRR18475452	137861	19143	59359
SRR18475453	151584	5682	72951
SRR18475454	142612	7368	67622
SRR18475455	147385	8651	69367
SRR18475456	143878	4876	69501
SRR18475457	129106	42494	43306
SRR18475458	137763	38869	49447
SRR18475459	143640	45578	49031
SRR18475460	143765	5909	68928
SRR18475461	142170	52572	44799
SRR18475462	138628	63156	37736
SRR18475463	117886	59922	28982
SRR18475464	140820	4484	68168
SRR18475465	144517	41591	51463
SRR18475466	140239	4471	67884
SRR18475467	145397	5037	70180
SRR18475468	137868	4094	66887
SRR18475469	139024	47168	45928
SRR18475470	142707	11771	65468
SRR18475471	144301	5285	69508
SRR18475472	139023	57493	40765
SRR18475473	142695	5847	68424
SRR18475474	115196	52364	31416
SRR18475475	142181	42289	49946
SRR18475476	144413	51055	46679
SRR18475477	131285	56467	37409
SRR18475478	140949	48599	46175
SRR18475479	135081	55851	39615
SRR18475480	133325	58135	37595
SRR18475481	109695	34205	37745
SRR18475482	122960	30502	46229
SRR18475483	124428	58300	33064
SRR18475484	127290	48616	39337
SRR18475485	122080	49938	36071
SRR18475486	130676	50318	40179
SRR18475487	120232	71372	24430
SRR18475488	142961	35117	53922
SRR18475489	130146	40338	44904
SRR18475490	135579	37493	49043
SRR18475491	136699	37937	49381
SRR18475492	115767	38303	38732
SRR18475493	141001	48171	46415
SRR18475494	137197	40057	48570
SRR18475495	138368	59644	39362
SRR18475496	143379	36935	53222
SRR18475497	141657	40189	50734
SRR18475498	139714	51602	44056
SRR18475499	144583	40963	51810
SRR18475500	144051	46747	48652
SRR18475501	150019	32697	58661
SRR18475502	143787	40765	51511
SRR18475503	115938	31326	42306
SRR18475504	146440	14474	65983
SRR18475505	138494	49170	44662
SRR18475506	149678	59200	45239
SRR18475507	142760	35980	53390
SRR18475508	144107	47037	48535
SRR18475509	150783	60787	44998
SRR18475510	145052	52786	46133
SRR18475511	140803	53765	43519
SRR18475512	137829	44581	46624
SRR18475513	137548	43152	47198
SRR18475514	144446	53704	45371
SRR18475515	131891	41779	45056
SRR18475516	133928	32402	50763
SRR18475517	145972	43402	51285
SRR18475518	142032	40384	50824
SRR18475519	141067	54007	43530
SRR18475520	129262	12076	58593
SRR18475521	116154	51988	32083
SRR18475522	139905	14605	62650
SRR18475523	144938	23024	60957
SRR18475524	138434	18532	59951
SRR18475525	147982	23060	62461
SRR18475526	146847	15633	65607
SRR18475527	149508	19192	65158
SRR18475528	147195	12331	67432
SRR18475529	143055	25787	58634
SRR18475530	145627	40243	52692
SRR18475531	139910	19354	60278
SRR18475532	120826	68874	25976
SRR18475533	144447	17555	63446
SRR18475534	140170	43222	48474
SRR18475535	143870	43008	50431
SRR18475536	138718	26570	56074
SRR18475537	145573	33461	56056
SRR18475538	144411	39387	52512
SRR18475539	141188	27420	56884
SRR18475540	140775	57331	41722
SRR18475541	144376	10274	67051
SRR18475542	139795	36605	51595
SRR18475543	128068	60570	33749
SRR18475544	147284	23536	61874
SRR18475545	143925	37469	53228
SRR18475546	117476	44648	36414
SRR18475547	143434	43554	49940
SRR18475548	138137	3929	67104
SRR18475549	139574	45346	47114
SRR18475550	131403	33987	48708
SRR18475551	134468	35554	49457
SRR18475552	130905	34339	48283
SRR18475553	150393	58549	45922
SRR18475554	140779	38955	50912
SRR18475555	141327	47793	46767
SRR18475556	137345	38169	49588
SRR18475557	117574	45520	36027
SRR18475558	137923	45693	46115
SRR18475559	141552	55436	43058
SRR18475560	133750	61758	35996
SRR18475561	119580	52550	33515
SRR18475562	122714	53170	34772
SRR18475563	124421	61197	31612
SRR18475564	115501	39451	38025
SRR18475565	119901	60247	29827
SRR18475566	119257	70691	24283
SRR18475567	126684	58128	34278
SRR18475568	122659	53023	34818
SRR18475569	116662	51978	32342
SRR18475570	122190	54342	33924
SRR18475571	122663	57623	32520
SRR18475572	114689	61429	26630
SRR18475573	119800	49560	35120
SRR18475574	123709	56657	33526
SRR18475575	134099	47441	43329
SRR18475576	128740	59338	34701
SRR18475577	126755	43909	41423
SRR18475578	128407	41597	43405
SRR18475579	121277	44035	38621
SRR18475580	123763	55547	34108
SRR18475581	121454	63564	28945
SRR18475582	116539	51193	32673
SRR18475583	121321	56207	32557
SRR18475584	121025	50177	35424
SRR18475585	118530	54614	31958
SRR18475586	134180	58008	38086
SRR18475587	122384	45182	38601
SRR18475588	122341	42101	40120
SRR18475589	131831	41473	45179
SRR18475590	137068	47060	45004
SRR18475591	120907	58213	31347
SRR18475592	114925	43081	35922
SRR18475593	129009	42979	43015
SRR18475594	124758	43410	40674
SRR18475595	127958	36282	45838
SRR18475596	137563	43269	47147
SRR18475597	126846	46116	40365
SRR18475598	133801	49135	42333
SRR18475599	121360	40828	40266
SRR18475600	129685	47373	41156
SRR18475601	123349	53767	34791
SRR18475602	134319	45251	44534
SRR18475603	113791	29829	41981
SRR18475604	121871	46053	37909
SRR18475605	121743	47209	37267
SRR18475606	141706	39494	51106
SRR18475607	134163	42553	45805
SRR18475608	145217	44471	50373
SRR18475609	137040	28202	54419
SRR18475610	109882	32536	38673
SRR18475611	135541	39919	47811
SRR18475612	119879	43997	37941
SRR18475613	115770	33274	41248
SRR18475614	109545	43035	33255
SRR18475615	136857	31763	52547
SRR18475616	113326	56394	28466
SRR18475617	119875	46587	36644
SRR18475618	118197	39997	39100
SRR18475619	116857	46827	35015
SRR18475620	134503	23729	55387
SRR18475621	151716	4520	73598
SRR18475622	152146	4710	73718
SRR18475623	151828	6896	72466
SRR18475624	148811	48743	50034
SRR18475625	148058	4462	71798
SRR18475626	134223	26327	53948
SRR18475627	149213	4651	72281
SRR18475628	122450	49666	36392
SRR18475629	118275	69317	24479
SRR18475630	148085	4623	71731
SRR18475631	154670	4800	74935
SRR18475632	138749	3389	67680
SRR18475633	147277	4129	71574
SRR18475634	148888	4318	72285
SRR18475635	148265	4373	71946
SRR18475636	148785	4363	72211
SRR18475637	149004	4378	72313
SRR18475638	153028	4764	74132
SRR18475639	148516	4300	72108
SRR18475640	115506	36154	39676
SRR18475641	140539	36965	51787
SRR18475642	136605	57301	39652
SRR18475643	144630	37884	53373
SRR18475644	137818	38302	49758
SRR18475645	145749	33825	55962
SRR18475646	143763	47385	48189
SRR18475647	149003	37585	55709
SRR18475648	148874	29928	59473
SRR18475649	147420	36564	55428
SRR18475650	130418	42012	44203
SRR18475651	152473	21941	65266
SRR18475652	140584	44974	47805
SRR18475653	142469	29389	56540
SRR18475654	136757	30241	53258
SRR18475655	145279	39561	52859
SRR18475656	146157	19571	63293
SRR18475657	119936	61826	29055
SRR18475658	145402	39566	52918
SRR18475659	142638	31890	55374
SRR18475660	141972	29178	56397
SRR18475661	110575	32763	38906
SRR18475662	119603	54149	32727
SRR18475663	141298	29002	56148
SRR18475664	141591	26185	57703
SRR18475665	144636	40706	51965
SRR18475666	140742	27112	56815
SRR18475667	139113	33805	52654
SRR18475668	142023	31819	55102
SRR18475669	134601	45873	44364
SRR18475670	119361	34639	42361
SRR18475671	122483	52783	34850
SRR18475672	115081	49799	32641
SRR18475673	129977	54061	37958
SRR18475674	124743	64963	29890
SRR18475675	114396	30596	41900
SRR18475676	119209	48349	35430
SRR18475677	117597	45495	36051
SRR18475678	120188	61282	29453
SRR18475679	131050	45906	42572
SRR18475680	132013	25063	53475
SRR18475681	127850	60162	33844
SRR18475682	122774	59514	31630
SRR18475683	118695	44157	37269
SRR18475684	121646	54978	33334
SRR18475685	121662	52492	34585
SRR18475686	117829	52245	32792
SRR18475687	120335	57135	31600
SRR18475688	116681	52069	32306
SRR18475689	126201	57011	34595
SRR18475690	119119	69175	24972
SRR18475691	118728	63978	27375
SRR18475692	134241	50011	42115
SRR18475693	132394	52314	40040
SRR18475694	129237	58707	35265
SRR18475695	138506	51742	43382
SRR18475696	110736	61014	24861
SRR18475697	121714	52220	34747
SRR18475698	125133	63071	31031
SRR18475699	121878	79376	21251
SRR18475700	136255	42657	46799
SRR18475701	135162	50654	42254
SRR18475702	123078	69714	26682
SRR18475703	115991	60485	27753
SRR18475704	107953	44539	31707
SRR18475705	136846	49356	43745
SRR18475706	126161	69917	28122
SRR18475707	125581	60445	32568
SRR18475708	121561	62501	29530
SRR18475709	122618	62486	30066
SRR18475710	124788	59028	32880
SRR18475711	118724	54574	32075
SRR18475712	125014	64282	30366
SRR18475713	124409	58915	32747
SRR18475714	120797	59585	30606
SRR18475715	123258	64568	29345
SRR18475716	116788	61906	27441
SRR18475717	119222	59846	29688
SRR18475718	124377	60749	31814
SRR18475719	128936	66160	31388
SRR18475720	119215	59903	29656
SRR18475721	117615	26189	45713
SRR18475722	115228	43100	36064
SRR18475723	120591	47447	36572
SRR18475724	121729	62993	29368
SRR18475725	119852	50166	34843
SRR18475726	127351	69099	29126
SRR18475727	114988	59978	27505
SRR18475728	121509	50773	35368
SRR18475729	116249	10525	52862
SRR18475730	119330	53390	32970
SRR18475731	122501	60367	31067
SRR18475732	112281	42691	34795
SRR18475733	116458	42332	37063
SRR18475734	12319	925	5697
SRR18475735	121642	55336	33153
SRR18475736	127369	70811	28279
SRR18475737	135367	48363	43502
SRR18475738	135090	37826	48632
SRR18475739	146824	16934	64945
SRR18475740	126272	50062	38105
SRR18475741	114658	25616	44521
SRR18475742	116295	40767	37764
SRR18475743	114018	36574	38722
SRR18475744	119997	48941	35528
SRR18475745	125091	51133	36979
SRR18475746	112960	53074	29943
SRR18475747	115279	31141	42069
SRR18475748	137125	44191	46467
SRR18475749	122812	43630	39591
SRR18475750	124790	44424	40183
SRR18475751	117461	48603	34429
SRR18475752	130863	63521	33671
SRR18475753	141154	4602	68276
SRR18475754	125213	54869	35172
SRR18475755	122124	83374	19375
SRR18475756	147088	4234	71427
SRR18475757	144080	19952	62064
SRR18475758	146392	4728	70832
SRR18475759	118244	45494	36375
SRR18475760	143258	4754	69252
SRR18475761	119998	54888	32555
SRR18475762	134395	45793	44301
SRR18475763	114039	37513	38263
SRR18475764	144658	4856	69901
SRR18475765	123633	80841	21396
SRR18475766	125064	60022	32521
SRR18475767	115117	34621	40248
SRR18475768	110280	43022	33629
SRR18475769	120830	65562	27634
SRR18475770	145788	4960	70414
SRR18475771	143821	4701	69560
SRR18475772	110280	38398	35941
SRR18475773	137002	19466	58768
SRR18475774	156010	6014	74998
SRR18475775	143503	34311	54596
SRR18475776	137054	10260	63397
SRR18475777	116419	43933	36243
SRR18475778	121302	35264	43019
SRR18475779	121637	43361	39138
SRR18475780	118423	45761	36331
SRR18475781	119475	59239	30118
SRR18475782	127550	53162	37194
SRR18475783	130465	53729	38368
SRR18475784	125319	46041	39639
SRR18475785	119643	37793	40925
SRR18475786	127666	57082	35292
SRR18475787	125135	43205	40965
SRR18475788	129214	44084	42565
SRR18475789	121185	41591	39797
SRR18475790	126322	46812	39755
SRR18475791	125437	49035	38201
SRR18475792	146306	4694	70806
SRR18475793	113627	35321	39153
SRR18475794	122514	53700	34407
SRR18475795	144809	45211	49799
SRR18475796	138673	4519	67077
SRR18475797	119675	46959	36358
SRR18475798	142230	56350	42940
SRR18475799	134459	28149	53155
SRR18475800	115680	44624	35528
SRR18475801	123029	38061	42484
SRR18475802	125218	57446	33886
SRR18475803	124763	71621	26571
SRR18475804	119911	63971	27970
SRR18475805	131208	54470	38369
SRR18475806	119088	51354	33867
SRR18475807	126987	68061	29463
SRR18475808	147092	4738	71177
SRR18475809	120743	26113	47315
SRR18475810	118053	19393	49330
SRR18475811	116278	22730	46774
SRR18475812	129955	8403	60776
SRR18475813	128491	13185	57653
SRR18475814	129723	65325	32199
SRR18475815	114562	45672	34445
SRR18475816	118419	57599	30410
SRR18475817	118740	40742	38999
SRR18475818	121652	43514	39069
SRR18475819	142330	5780	68275
SRR18475820	119615	36441	41587
SRR18475821	118757	59523	29617
SRR18475822	117598	49318	34140
SRR18475823	116948	43246	36851
SRR18475824	120764	50406	35179
SRR18475825	118491	52251	33120
SRR18475826	117952	36194	40879
SRR18475827	119145	57407	30869
SRR18475828	119903	63081	28411
SRR18475829	120889	64145	28372
SRR18475830	140745	37137	51804
SRR18475831	121164	65742	27711
SRR18475832	123193	63573	29810
SRR18475833	149751	4727	72512
SRR18475834	146114	4192	70961
SRR18475835	128916	48432	40242
SRR18475836	138354	49486	44434
SRR18475837	147801	4233	71784
SRR18475838	147071	4323	71374
SRR18475839	143795	38007	52894
SRR18475840	154689	4923	74883
SRR18475841	146615	4099	71258
SRR18475842	149819	4519	72650
SRR18475843	126738	41318	42710
SRR18475844	150680	7768	71456
SRR18475845	149686	4464	72611
SRR18475846	149194	4464	72365
SRR18475847	151139	4441	73349
SRR18475848	141134	57250	41942
SRR18475849	118335	43789	37273
SRR18475850	145643	3983	70830
SRR18475851	139581	42889	48346
SRR18475852	143677	36847	53415
SRR18475853	141626	66738	37444
SRR18475854	116438	46152	35143
SRR18475855	141850	50260	45795
SRR18475856	132721	55469	38626
SRR18475857	147583	28003	59790
SRR18475858	125351	29723	47814
SRR18475859	133665	39033	47316
SRR18475860	142880	19358	61761
SRR18475861	110602	32852	38875
SRR18475862	121110	48246	36432
SRR18475863	116399	48197	34101
SRR18475864	120521	48983	35769
SRR18475865	133856	50888	41484
SRR18475866	121066	48336	36365
SRR18475867	119080	62298	28391
SRR18475868	122262	59614	31324
SRR20942111	116893	62445	27224
SRR20942112	138615	61859	38378
SRR20942113	100988	1036	49976
SRR20942114	106575	24307	41134
SRR20942115	120260	42076	39092
SRR20942116	126852	43788	41532
SRR20942117	118468	18316	50076
SRR20942118	117123	4453	56335
SRR20942119	138420	52220	43100
SRR20942120	120907	17775	51566
SRR20942121	129898	28448	50725
SRR20942122	125941	45011	40465
SRR20942123	116855	11923	52466
SRR20942124	114645	58675	27985
SRR20942125	129742	37194	46274
SRR20942126	114389	58541	27924
SRR20942127	133238	12790	60224
SRR20942128	106874	23782	41546
SRR35161299	142565	52793	44886
SRR35161300	144503	75255	34624
SRR35161301	146958	35316	55821
SRR35161302	138920	76734	31093
SRR35161303	148936	70452	39242
SRR35161304	146368	26782	59793
SRR35161305	145430	77970	33730
SRR35161306	144018	40022	51998
SRR35161307	148071	41117	53477
SRR35161308	158116	26538	65789
SRR35161309	122353	66811	27771
SRR35161310	138097	83597	27250
SRR35161311	144261	31315	56473
SRR35161312	148991	34667	57162
SRR35161313	161220	18824	71198
SRR35161314	117402	21080	48161
SRR35161315	159901	35361	62270
SRR35161316	143683	44765	49459
SRR35161317	133137	64029	34554
SRR35161318	145328	79978	32675
SRR35161319	165978	12116	76931
SRR35161320	143063	25897	58583
SRR35161321	146829	24883	60973
SRR35161322	128093	65363	31365
SRR35161323	140472	38244	51114
SRR35161324	148403	22797	62803
SRR35161325	137330	42502	47414
SRR35161326	144363	70239	37062
SRR35161327	151758	19472	66143
SRR35161328	142396	23636	59380
SRR35161329	140177	49451	45363
SRR35161330	123843	46947	38448
SRR35161331	151956	33562	59197
SRR35161332	130536	61206	34665
SRR35161333	143587	26941	58323
SRR35161334	141324	71092	35116
SRR35161335	133247	51485	40881
SRR35161336	142179	33605	54287
SRR35161337	141034	15022	63006
SRR35161338	133303	74593	29355
SRR35161339	135916	39400	48258
SRR35161340	148095	58455	44820
SRR35161341	140057	72025	34016
SRR35161342	134996	62608	36194
SRR35161343	141682	60178	40752
SRR35161344	146463	58959	43752
SRR35161345	139396	60060	39668
SRR35161346	145756	35790	54983
SRR35161347	129180	57922	35629
SRR35161348	134021	47913	43054
SRR35161349	143403	36385	53509
SRR35161350	140360	60116	40122
SRR35161351	143275	52271	45502
SRR35161352	153989	49669	52160
SRR35161353	152553	56519	48017
SRR35161354	137220	51914	42653
SRR35161355	144692	55352	44670
SRR35161356	144481	49313	47584
SRR35161357	148177	53657	47260
SRR35161358	155546	34760	60393
SRR35161359	147041	50873	48084
SRR35161360	146346	41660	52343
SRR35161361	147872	43818	52027
SRR35161362	136390	34072	51159
SRR35161363	148139	44537	51801
SRR35161364	141743	49499	46122
SRR35161365	138876	55164	41856
SRR35161366	133869	71649	31110
SRR35161367	136310	48286	44012
SRR35161368	131896	76572	27662
SRR35161369	132609	66017	33296
SRR35161370	128459	67995	30232
SRR35161371	134358	86236	24061
SRR35161372	136823	58363	39230
SRR35161373	126767	71037	27865
SRR35161374	136470	42318	47076
SRR35161375	130982	43020	43981
SRR35161376	131706	47608	42049
SRR35161377	137968	39450	49259
SRR35161378	126083	68577	28753
SRR35161379	139772	70248	34762
SRR35161380	131693	52155	39769
SRR35161381	146036	55282	45377
SRR35161382	136117	59765	38176
SRR35161383	135638	67996	33821
SRR35161384	137823	65849	35987
SRR35161385	132124	39734	46195
SRR35161386	134951	54987	39982
SRR35161387	145622	58612	43505
SRR35161388	139238	68178	35530
SRR35161389	146577	73067	36755
SRR35161390	128179	62121	33029
SRR35161391	150001	56041	46980
SRR35161392	148959	52259	48350
SRR35161393	149517	60005	44756
SRR35161394	154328	68570	42879
SRR35161395	147895	25149	61373
SRR35161396	150013	67305	41354
SRR35161397	150117	64301	42908
SRR35161398	143415	56417	43499
SRR35161399	148132	39058	54537
SRR35161400	139610	7914	65848
SRR35161401	152726	71478	40624
SRR35161402	150972	73450	38761
SRR35161403	151741	58113	46814
SRR35161404	146037	42293	51872
SRR35161405	111369	7239	52065
SRR35161406	112559	19397	46581
SRR35161407	127908	32674	47617
SRR35161408	114543	20275	47134
SRR35161409	141297	79069	31114
SRR35161410	142991	22175	60408
SRR35161411	152995	53973	49511
SRR35161412	137738	73684	32027
SRR35161413	154718	32034	61342
SRR35161414	143982	81122	31430
SRR35161415	141182	21540	59821
SRR35161416	152119	23933	64093
SRR35161417	139613	78019	30797
SRR35161418	136819	71273	32773
SRR35161419	145364	22574	61395
SRR35161420	149133	71571	38781
SRR35161421	141538	44882	48328
SRR35161422	135332	80308	27512
SRR35161423	143449	34729	54360
SRR35161424	158877	7877	75500
SRR35161425	99659	22395	38632
SRR35161426	148107	27483	60312
SRR35161427	150797	49767	50515
SRR35161428	135086	51844	41621
SRR35161429	152306	51578	50364
SRR35161430	139429	72141	33644
SRR35161431	151232	33590	58821
SRR35161432	152752	62202	45275
SRR35161433	122214	18308	51953
SRR35161434	130866	70760	30053
SRR35161435	142444	14248	64098
SRR35161436	128752	47394	40679
SRR35161437	141996	24776	58610
SRR35161438	135519	7351	64084
SRR35161439	136436	8342	64047
SRR35161440	150690	52850	48920
SRR35161441	144211	64917	39647
SRR35161442	147427	33155	57136
SRR35161443	143860	62286	40787
SRR35161444	139634	73838	32898
SRR35161445	125856	77270	24293
SRR35161446	115730	45530	35100
SRR35161447	113345	5755	53795
SRR35161448	117721	5367	56177
SRR35161449	132066	44572	43747
SRR35161450	118779	17177	50801
SRR35161451	148356	24488	61934
SRR35161452	149386	54650	47368
SRR35161453	149085	59001	45042
SRR35161454	147198	58398	44400
SRR35161455	151348	59858	45745
SRR35161456	150692	51860	49416
SRR35161457	152941	38379	57281
SRR35161458	156845	41131	57857
SRR35161459	127332	22582	52375
SRR35161460	156532	54238	51147
SRR35161461	143169	41099	51035
SRR35161462	154180	57576	48302
SRR35161463	155538	43738	55900
SRR35161464	155765	65233	45266
SRR35161465	144067	66623	38722
SRR35161466	129514	40212	44651
SRR35161467	123741	56671	33535
SRR35161468	100082	54010	23036
SRR35161469	125992	46482	39755
SRR35161470	122941	51421	35760
SRR35161471	125425	69359	28033
SRR35161472	118722	61130	28796
SRR35161473	153880	49270	52305
SRR35161474	134705	24245	55230
SRR35161475	121748	70696	25526
SRR35161476	140397	55191	42603
SRR35161477	112387	75079	18654
SRR35161478	145376	77662	33857
SRR35161479	141467	44197	48635
SRR35161480	151491	53405	49043
SRR35161481	155196	55850	49673
SRR35161482	152968	61994	45487
SRR35161483	146586	48880	48853
SRR35161484	145753	59873	42940
SRR35161485	149128	70152	39488
SRR35161486	147155	53411	46872
SRR35161487	144439	56607	43916
SRR35161488	149194	63766	42714
SRR35161489	145000	66566	39217
SRR35161490	144580	28098	58241
SRR35161491	158643	42535	58054
SRR35161492	149072	46256	51408
SRR35161493	145622	45830	49896
SRR35161494	143421	78089	32666
SRR35161495	127689	67887	29901
SRR35161496	147189	55213	45988
SRR35161497	125671	56433	34619
SRR35161498	130667	68631	31018
SRR35161499	133925	65639	34143
SRR35161500	160736	37036	61850
SRR35161501	128410	6248	61081
SRR35161502	127254	67940	29657
SRR35161503	131387	69543	30922
SRR35161504	149089	71727	38681
SRR35161505	129863	63871	32996
SRR35161506	138934	74130	32402
SRR35161507	129535	62099	33718
SRR35161508	127518	85758	20880
SRR35161509	126464	37834	44315
SRR35161510	128175	18923	54626
SRR35161511	136112	29150	53481
SRR35161512	120671	23535	48568
SRR35161513	129802	29186	50308
SRR35161514	130237	25265	52486
SRR35161515	128238	50074	39082
SRR35161516	126816	63308	31754
SRR35161517	125076	33124	45976
SRR35161518	146436	41080	52678
SRR35161519	154646	55378	49634
SRR35161520	160061	40913	59574
SRR35161521	138336	53178	42579
SRR35161522	150423	71207	39608
SRR35161523	141794	49026	46384
SRR35161524	150366	55888	47239
SRR35161525	147975	80665	33655
SRR35161526	144075	81509	31283
SRR35161527	143896	67854	38021
SRR35161528	127745	66657	30544
SRR35161529	143089	53935	44577
SRR35161530	142870	48180	47345
SRR35161531	144073	51091	46491
SRR35161532	140555	76373	32091
SRR35161533	147696	19360	64168
SRR35161534	141268	44118	48575
SRR35161535	140712	39974	50369
SRR35161536	137165	53435	41865
SRR35161537	135947	71263	32342
SRR35161538	141204	38038	51583
SRR35161539	136654	9708	63473
SRR35161540	134845	36651	49097
SRR35161541	137470	61896	37787
SRR35161542	139628	60112	39758
SRR35161543	139494	48772	45361
SRR35161544	134079	56397	38841
SRR35161545	136674	63168	36753
SRR35161546	139037	54883	42077
SRR35161547	140476	61154	39661
SRR35161548	138952	55836	41558
SRR35161549	136005	62969	36518
SRR35161550	134753	65653	34550
SRR35161551	130753	39741	45506
SRR35161552	120428	67418	26505
SRR35161553	129346	67388	30979
SRR35161554	122845	68557	27144
SRR35161555	147463	79837	33813
SRR35161556	126923	70341	28291
SRR35161557	127515	66897	30309
SRR35161558	129642	52426	38608
SRR35161559	151428	73234	39097
SRR35161560	154659	61933	46363
SRR35161561	140313	39041	50636
SRR35161562	153488	60972	46258
SRR35161563	154103	62095	46004
SRR35161564	153636	44544	54546
SRR35161565	136946	63024	36961
SRR35161566	125654	18312	53671
SRR35161567	132707	78439	27134
SRR35161568	128875	6145	61365
SRR35161569	144087	81995	31046
SRR35161570	150018	44368	52825
SRR35161571	147397	78111	34643
SRR35161572	158331	28533	64899
SRR35161573	148115	48181	49967
SRR35161574	135361	50395	42483
SRR35161575	131993	70481	30756
SRR35161576	149892	73850	38021
SRR35161577	147658	76394	35632
SRR35161578	145518	44166	50676
SRR35161579	145294	36408	54443
SRR35161580	152472	40202	56135
SRR35161581	152814	59224	46795
SRR35161582	154381	29727	62327
SRR35161583	155211	44521	55345
SRR35161584	147873	75523	36175
SRR35161585	148870	78248	35311
SRR35161586	142306	30460	55923
SRR35161587	140214	44028	48093
SRR35161588	136024	70300	32862
